{
 "cells": [
  {
   "cell_type": "markdown",
   "id": "011976c2-c60c-4904-b886-7f7b91317b21",
   "metadata": {},
   "source": [
    "### ライブラリのインポート"
   ]
  },
  {
   "cell_type": "code",
   "execution_count": null,
   "id": "645d8291-d9c9-4a51-a2f3-2bb6e0e9df72",
   "metadata": {},
   "outputs": [],
   "source": [
    "import onnxruntime as ort\n",
    "\n",
    "print(ort.__version__)\n",
    "print(ort.get_available_providers())\n",
    "\n",
    "sess = ort.InferenceSession(\n",
    "    \"./onnx/fastbev.onnx\",\n",
    "    providers=[\"CUDAExecutionProvider\", \"CPUExecutionProvider\"]\n",
    ")\n",
    "print(\"ok\")"
   ]
  },
  {
   "cell_type": "code",
   "execution_count": 5,
   "id": "1f6e4e76-0ba3-4f96-b509-cfd2adb3057f",
   "metadata": {},
   "outputs": [],
   "source": [
    "import numpy as np\n",
    "import torch\n",
    "import onnxruntime as ort\n",
    "import torch.nn.functional as F\n",
    "\n",
    "from nuscenes_sample_generator import NuScenesSampleGenerator\n",
    "from img_pipeline import PrepareImageInputs\n",
    "from onnx_input_builder import OnnxInputBuilder\n",
    "from bbox_decoder import BboxDecoder\n",
    "from visualizer import Visualizer \n",
    "from util import load_config, load_json"
   ]
  },
  {
   "cell_type": "markdown",
   "id": "53d66d9b-bd23-4dd6-b2a5-5565f2271758",
   "metadata": {},
   "source": [
    "### 定数設定"
   ]
  },
  {
   "cell_type": "code",
   "execution_count": 6,
   "id": "90e928bf-bfa8-4a23-800f-b26fefa1319e",
   "metadata": {},
   "outputs": [],
   "source": [
    "# パスの設定\n",
    "json_path   = \"bevdetv3-nuscenes_infos_val.json\"\n",
    "config_path = \"config.yaml\""
   ]
  },
  {
   "cell_type": "markdown",
   "id": "8559dd56-68c0-479a-a96d-0d127b3a6f03",
   "metadata": {},
   "source": [
    "### 初期化処理"
   ]
  },
  {
   "cell_type": "code",
   "execution_count": 3,
   "id": "59e7d8ff-ee16-4154-a553-285a7d6d65b3",
   "metadata": {},
   "outputs": [
    {
     "ename": "NameError",
     "evalue": "name 'load_json' is not defined",
     "output_type": "error",
     "traceback": [
      "\u001b[0;31m---------------------------------------------------------------------------\u001b[0m",
      "\u001b[0;31mNameError\u001b[0m                                 Traceback (most recent call last)",
      "Cell \u001b[0;32mIn[3], line 2\u001b[0m\n\u001b[1;32m      1\u001b[0m \u001b[38;5;66;03m# jsonファイルとconfigファイルの読み込み\u001b[39;00m\n\u001b[0;32m----> 2\u001b[0m json_file   \u001b[38;5;241m=\u001b[39m \u001b[43mload_json\u001b[49m(json_path)\n\u001b[1;32m      3\u001b[0m data_config \u001b[38;5;241m=\u001b[39m load_config(config_path)\n\u001b[1;32m      5\u001b[0m \u001b[38;5;66;03m# sample Generator\u001b[39;00m\n",
      "\u001b[0;31mNameError\u001b[0m: name 'load_json' is not defined"
     ]
    }
   ],
   "source": [
    "# jsonファイルとconfigファイルの読み込み\n",
    "json_file   = load_json(json_path)\n",
    "data_config = load_config(config_path)\n",
    "\n",
    "# sample Generator\n",
    "data_infos = json_file['infos']\n",
    "sample_generator = NuScenesSampleGenerator(data_infos=data_infos, num_adj_frame=1)\n",
    "\n",
    "# image pipeline\n",
    "image_pipline = PrepareImageInputs(data_config[\"data_config\"], sequential=True, opencv_pp=False)\n",
    "\n",
    "# 入力データの作成\n",
    "grid_config = data_config[\"geometry\"][\"grid_config\"]\n",
    "image_size  = data_config[\"data_config\"][\"input_size\"]\n",
    "onnx_input_builder = OnnxInputBuilder(grid_config, image_size, stride=16, accelerate=True)\n",
    "\n",
    "# モデルの後処理\n",
    "post_center_range = data_config[\"bbox_decoder\"][\"post_center_range\"]\n",
    "max_num           = data_config[\"bbox_decoder\"][\"max_num\"]\n",
    "num_classes       = data_config[\"bbox_decoder\"][\"num_classes\"]\n",
    "score_threshold   = data_config[\"bbox_decoder\"][\"score_threshold\"]\n",
    "bbox_decoder = BboxDecoder(post_center_range, max_num, num_classes, None)\n",
    "\n",
    "# 可視化\n",
    "save_path   = data_config[\"visualizer\"][\"save_path\"]\n",
    "save_format = data_config[\"visualizer\"][\"save_format\"]\n",
    "save_prefix = data_config[\"visualizer\"][\"save_prefix\"]\n",
    "fps         = data_config[\"visualizer\"][\"fps\"]\n",
    "visualizer  = Visualizer(save_path, save_format, save_prefix, fps, scale_factor=3, color_map=(0, 255, 255))\n",
    "\n",
    "\n",
    "# モデルの読み込み\n",
    "fastbev = ort.InferenceSession(\n",
    "    \"./onnx/fastbev.onnx\",\n",
    "    providers=[\"CUDAExecutionProvider\", \"CPUExecutionProvider\"]\n",
    "    #providers=[\"CPUExecutionProvider\"]\n",
    ")\n",
    "\n",
    "fastbev4d = ort.InferenceSession(\n",
    "    \"./onnx/fastbev_4d.onnx\",\n",
    "    providers=[\"CUDAExecutionProvider\", \"CPUExecutionProvider\"]\n",
    "    #providers=[\"CPUExecutionProvider\"]\n",
    ")\n",
    "\n",
    "print(\"===fastbev===\")\n",
    "print(\"=== Inputs ===\")\n",
    "for i, x in enumerate(fastbev.get_inputs()):\n",
    "    print(f\"[{i}]\")\n",
    "    print(\" name :\", x.name)\n",
    "    print(\" shape:\", x.shape)\n",
    "    print(\" type :\", x.type)\n",
    "\n",
    "print(\"\\n=== Outputs ===\")\n",
    "for i, x in enumerate(fastbev.get_outputs()):\n",
    "    print(f\"[{i}]\")\n",
    "    print(\" name :\", x.name)\n",
    "    print(\" shape:\", x.shape)\n",
    "    print(\" type :\", x.type)\n",
    "\n",
    "print(\"\\n===fastbev4d===\")\n",
    "print(\"=== Inputs ===\")\n",
    "for i, x in enumerate(fastbev4d.get_inputs()):\n",
    "    print(f\"[{i}]\")\n",
    "    print(\" name :\", x.name)\n",
    "    print(\" shape:\", x.shape)\n",
    "    print(\" type :\", x.type)\n",
    "\n",
    "print(\"\\n=== Outputs ===\")\n",
    "for i, x in enumerate(fastbev4d.get_outputs()):\n",
    "    print(f\"[{i}]\")\n",
    "    print(\" name :\", x.name)\n",
    "    print(\" shape:\", x.shape)\n",
    "    print(\" type :\", x.type)\n",
    "\n",
    "# warmup\n",
    "\n"
   ]
  },
  {
   "cell_type": "markdown",
   "id": "336b0896-bc8a-46e0-8aee-8471ec68c2f6",
   "metadata": {},
   "source": [
    "### １サンプルでの確認"
   ]
  },
  {
   "cell_type": "markdown",
   "id": "c2d45858-31e3-476f-b7b1-73861c8f2eb8",
   "metadata": {},
   "source": [
    "# 前処理"
   ]
  },
  {
   "cell_type": "code",
   "execution_count": 2,
   "id": "819e5a8f-0129-4a13-9420-c7e1536b5235",
   "metadata": {},
   "outputs": [
    {
     "ename": "NameError",
     "evalue": "name 'data_infos' is not defined",
     "output_type": "error",
     "traceback": [
      "\u001b[0;31m---------------------------------------------------------------------------\u001b[0m",
      "\u001b[0;31mNameError\u001b[0m                                 Traceback (most recent call last)",
      "Cell \u001b[0;32mIn[2], line 1\u001b[0m\n\u001b[0;32m----> 1\u001b[0m \u001b[43mdata_infos\u001b[49m[\u001b[38;5;241m0\u001b[39m][\u001b[38;5;124m\"\u001b[39m\u001b[38;5;124mtoken\u001b[39m\u001b[38;5;124m\"\u001b[39m]\n",
      "\u001b[0;31mNameError\u001b[0m: name 'data_infos' is not defined"
     ]
    }
   ],
   "source": [
    "data_infos[0][\"token\"]"
   ]
  },
  {
   "cell_type": "code",
   "execution_count": 14,
   "id": "ad7b7caf-03c5-4eb7-aa31-dede4945f284",
   "metadata": {},
   "outputs": [
    {
     "name": "stdout",
     "output_type": "stream",
     "text": [
      "tensor([[[[ 0.8225,  0.0065,  0.5687,  1.5753],\n",
      "          [-0.5687,  0.0164,  0.8224,  0.5005],\n",
      "          [-0.0040, -0.9998,  0.0172,  1.5070],\n",
      "          [ 0.0000,  0.0000,  0.0000,  1.0000]],\n",
      "\n",
      "         [[ 0.0100,  0.0085,  0.9999,  1.7888],\n",
      "          [-0.9999,  0.0122,  0.0099,  0.0041],\n",
      "          [-0.0121, -0.9999,  0.0086,  1.4962],\n",
      "          [ 0.0000,  0.0000,  0.0000,  1.0000]],\n",
      "\n",
      "         [[-0.8442,  0.0166,  0.5357,  1.7182],\n",
      "          [-0.5358,  0.0035, -0.8444, -0.5004],\n",
      "          [-0.0159, -0.9999,  0.0060,  1.5202],\n",
      "          [ 0.0000,  0.0000,  0.0000,  1.0000]],\n",
      "\n",
      "         [[ 0.9483, -0.0082, -0.3174,  1.4223],\n",
      "          [ 0.3175,  0.0180,  0.9481,  0.4805],\n",
      "          [-0.0020, -0.9998,  0.0197,  1.5691],\n",
      "          [ 0.0000,  0.0000,  0.0000,  1.0000]],\n",
      "\n",
      "         [[ 0.0101, -0.0062, -0.9999,  0.3424],\n",
      "          [ 0.9999,  0.0107,  0.0101,  0.0097],\n",
      "          [ 0.0107, -0.9999,  0.0064,  1.5731],\n",
      "          [ 0.0000,  0.0000,  0.0000,  1.0000]],\n",
      "\n",
      "         [[-0.9235, -0.0023, -0.3836,  1.2636],\n",
      "          [ 0.3836, -0.0117, -0.9234, -0.4688],\n",
      "          [-0.0024, -0.9999,  0.0117,  1.5546],\n",
      "          [ 0.0000,  0.0000,  0.0000,  1.0000]]]])\n",
      "tensor([[[[ 8.7724e-01,  4.7987e-01,  1.3138e-02,  5.9979e+02],\n",
      "          [-4.7973e-01,  8.7733e-01, -1.2759e-02,  1.6477e+03],\n",
      "          [-1.7649e-02,  4.8901e-03,  9.9983e-01,  0.0000e+00],\n",
      "          [ 0.0000e+00,  0.0000e+00,  0.0000e+00,  1.0000e+00]],\n",
      "\n",
      "         [[ 8.7714e-01,  4.8006e-01,  1.3118e-02,  5.9985e+02],\n",
      "          [-4.7991e-01,  8.7722e-01, -1.2658e-02,  1.6476e+03],\n",
      "          [-1.7584e-02,  4.8073e-03,  9.9983e-01,  0.0000e+00],\n",
      "          [ 0.0000e+00,  0.0000e+00,  0.0000e+00,  1.0000e+00]],\n",
      "\n",
      "         [[ 8.7703e-01,  4.8025e-01,  1.3097e-02,  5.9991e+02],\n",
      "          [-4.8011e-01,  8.7712e-01, -1.2551e-02,  1.6476e+03],\n",
      "          [-1.7515e-02,  4.7193e-03,  9.9984e-01,  0.0000e+00],\n",
      "          [ 0.0000e+00,  0.0000e+00,  0.0000e+00,  1.0000e+00]],\n",
      "\n",
      "         [[ 8.7666e-01,  4.8094e-01,  1.2887e-02,  6.0012e+02],\n",
      "          [-4.8081e-01,  8.7675e-01, -1.1729e-02,  1.6475e+03],\n",
      "          [-1.6939e-02,  4.0860e-03,  9.9985e-01,  0.0000e+00],\n",
      "          [ 0.0000e+00,  0.0000e+00,  0.0000e+00,  1.0000e+00]],\n",
      "\n",
      "         [[ 8.7681e-01,  4.8067e-01,  1.2927e-02,  6.0004e+02],\n",
      "          [-4.8054e-01,  8.7689e-01, -1.2013e-02,  1.6475e+03],\n",
      "          [-1.7110e-02,  4.3211e-03,  9.9984e-01,  0.0000e+00],\n",
      "          [ 0.0000e+00,  0.0000e+00,  0.0000e+00,  1.0000e+00]],\n",
      "\n",
      "         [[ 8.7693e-01,  4.8044e-01,  1.2979e-02,  5.9997e+02],\n",
      "          [-4.8030e-01,  8.7702e-01, -1.2337e-02,  1.6476e+03],\n",
      "          [-1.7310e-02,  4.5850e-03,  9.9984e-01,  0.0000e+00],\n",
      "          [ 0.0000e+00,  0.0000e+00,  0.0000e+00,  1.0000e+00]]]])\n"
     ]
    }
   ],
   "source": [
    "# 1サンプルでの確認\n",
    "input_data = sample_generator.get_data_info(0)\n",
    "\n",
    "# 前処理\n",
    "input_data = image_pipline(input_data)\n",
    "imgs_curr, sensor2keyegos_curr, ego2globals_curr, intrins_curr, post_rots_curr, post_trans_curr, bda_curr = input_data[\"img_inputs_curr\"]\n",
    "\n",
    "print(sensor2keyegos_curr)\n",
    "print(ego2globals_curr)\n",
    "\n",
    "# fastbev4dの確認\n",
    "#data_origin = torch.load(\"../debug_dump/data_cpu.pt\", weights_only=False)"
   ]
  },
  {
   "cell_type": "code",
   "execution_count": 16,
   "id": "f245e89f-0552-41be-bca8-c83951e5bbf0",
   "metadata": {},
   "outputs": [
    {
     "data": {
      "text/plain": [
       "tensor([[[1., 0., 0., 0.],\n",
       "         [0., 1., 0., 0.],\n",
       "         [0., 0., 1., 0.],\n",
       "         [0., 0., 0., 1.]]])"
      ]
     },
     "execution_count": 16,
     "metadata": {},
     "output_type": "execute_result"
    }
   ],
   "source": [
    "bda_curr"
   ]
  },
  {
   "cell_type": "code",
   "execution_count": 8,
   "id": "1b697d5d-2364-4875-9f13-b259a8f31470",
   "metadata": {},
   "outputs": [
    {
     "name": "stdout",
     "output_type": "stream",
     "text": [
      "[[[[0.361174   0.8232275  0.69101167 ... 0.95533764 0.9273912\n",
      "    0.7222649 ]\n",
      "   [0.5275859  0.8867201  0.613609   ... 1.1407835  1.10486\n",
      "    0.67924535]\n",
      "   [0.52221876 0.8735046  0.5467324  ... 1.1541541  1.1158066\n",
      "    0.68109   ]\n",
      "   ...\n",
      "   [0.27782857 1.6419435  1.0809686  ... 1.1311109  1.1051617\n",
      "    0.6730943 ]\n",
      "   [0.12069365 0.9778656  1.0630176  ... 1.0926929  1.0818725\n",
      "    0.67102695]\n",
      "   [0.2124684  0.6090296  0.4281075  ... 0.43463957 0.43611214\n",
      "    0.0735223 ]]\n",
      "\n",
      "  [[0.         0.01074165 0.         ... 0.15672827 0.15042377\n",
      "    0.        ]\n",
      "   [0.         0.         0.         ... 0.         0.\n",
      "    0.        ]\n",
      "   [0.         0.         0.         ... 0.         0.\n",
      "    0.        ]\n",
      "   ...\n",
      "   [0.         0.16202271 0.29035908 ... 0.         0.\n",
      "    0.        ]\n",
      "   [0.         0.         0.         ... 0.         0.\n",
      "    0.        ]\n",
      "   [0.         0.         0.         ... 0.         0.\n",
      "    0.        ]]\n",
      "\n",
      "  [[0.6853427  0.67597705 1.3262709  ... 0.56774014 0.53873855\n",
      "    0.35712594]\n",
      "   [0.2363116  0.035217   0.174616   ... 0.         0.\n",
      "    0.        ]\n",
      "   [0.17914705 0.02554356 0.27388275 ... 0.         0.\n",
      "    0.        ]\n",
      "   ...\n",
      "   [0.         0.         0.         ... 0.         0.\n",
      "    0.        ]\n",
      "   [0.40416998 0.         0.         ... 0.         0.\n",
      "    0.        ]\n",
      "   [0.24965169 0.         0.         ... 0.         0.\n",
      "    0.        ]]\n",
      "\n",
      "  ...\n",
      "\n",
      "  [[0.         0.         0.         ... 0.         0.\n",
      "    0.        ]\n",
      "   [0.         0.         0.         ... 0.         0.\n",
      "    0.        ]\n",
      "   [0.         0.         0.         ... 0.         0.\n",
      "    0.        ]\n",
      "   ...\n",
      "   [0.         0.         0.06009245 ... 0.         0.\n",
      "    0.        ]\n",
      "   [0.         0.         0.         ... 0.         0.\n",
      "    0.        ]\n",
      "   [0.         0.         0.         ... 0.         0.\n",
      "    0.        ]]\n",
      "\n",
      "  [[0.         0.         0.         ... 0.         0.\n",
      "    0.        ]\n",
      "   [0.         0.         0.         ... 0.         0.\n",
      "    0.        ]\n",
      "   [0.         0.         0.         ... 0.         0.\n",
      "    0.        ]\n",
      "   ...\n",
      "   [0.         0.         0.43523943 ... 0.         0.\n",
      "    0.        ]\n",
      "   [0.         0.29667255 0.3586216  ... 0.00697079 0.33096704\n",
      "    0.08605224]\n",
      "   [0.         0.         0.         ... 0.         0.\n",
      "    0.        ]]\n",
      "\n",
      "  [[0.         0.         0.         ... 0.         0.\n",
      "    0.        ]\n",
      "   [0.         0.         0.         ... 0.         0.\n",
      "    0.        ]\n",
      "   [0.         0.         0.         ... 0.         0.\n",
      "    0.        ]\n",
      "   ...\n",
      "   [0.         0.33072373 0.2720881  ... 0.         0.\n",
      "    0.        ]\n",
      "   [0.         0.         0.         ... 0.         0.\n",
      "    0.        ]\n",
      "   [0.23213387 0.10402742 0.24227738 ... 0.19989443 0.20795065\n",
      "    0.        ]]]]\n"
     ]
    }
   ],
   "source": [
    "# 1サンプルでの確認\n",
    "input_data = sample_generator.get_data_info(0)\n",
    "\n",
    "# 前処理\n",
    "input_data = image_pipline(input_data)\n",
    "\n",
    "# FastBEVモデルの入力データ作成\n",
    "# 現在フレームの入力データ\n",
    "img_curr = input_data[\"img_inputs_curr\"][0]\n",
    "_, coors_img_curr, coors_depth_curr = onnx_input_builder.get_fastray_input(input_data[\"img_inputs_curr\"]) # 事前計算済みの座標変換情報\n",
    "coors_img_curr, coors_depth_curr = coors_img_curr[0], coors_depth_curr[0]\n",
    "# tensor→numpyに変換(ORTにはnumpyで渡す)\n",
    "img_curr_np = img_curr.squeeze(0).detach().cpu().numpy().astype(np.float32)\n",
    "coors_img_curr_np = coors_img_curr.detach().cpu().numpy().astype(np.int64)\n",
    "coors_depth_curr_np = coors_depth_curr.detach().cpu().numpy().astype(np.int64)\n",
    "#print(type(img_curr), img_curr.dtype, img_curr.shape)\n",
    "#print(type(coors_img_curr), coors_img_curr.dtype, coors_img_curr.shape)\n",
    "\n",
    "# 過去フレームの入力データ\n",
    "img_prev = input_data[\"img_inputs_prev\"][0]\n",
    "_, coors_img_prev, coors_depth_prev = onnx_input_builder.get_fastray_input(input_data[\"img_inputs_prev\"]) # 事前計算済みの座標変換情報\n",
    "coors_img_prev, coors_depth_prev = coors_img_prev[0], coors_depth_prev[0]\n",
    "# tensor→numpyに変換(ORTにはnumpyで渡す)\n",
    "img_prev_np = img_prev.squeeze(0).detach().cpu().numpy().astype(np.float32)\n",
    "coors_img_prev_np = coors_img_prev.detach().cpu().numpy().astype(np.int64)\n",
    "coors_depth_prev_np = coors_depth_prev.detach().cpu().numpy().astype(np.int64)\n",
    "\n",
    "# BEV特徴量の作成\n",
    "bev_feat_curr = fastbev.run(\n",
    "    [\"bev_feat\"],\n",
    "    {\n",
    "        \"img\": img_curr_np,\n",
    "        \"coors_img\": coors_img_curr_np,\n",
    "        \"coors_depth\": coors_depth_curr_np,\n",
    "    }\n",
    ")[0]\n",
    "\n",
    "print(bev_feat_curr)\n",
    "\n",
    "bev_feat_prev = fastbev.run(\n",
    "    [\"bev_feat\"],\n",
    "    {\n",
    "        \"img\": img_prev_np,\n",
    "        \"coors_img\": coors_img_prev_np,\n",
    "        \"coors_depth\": coors_depth_prev_np,\n",
    "    }\n",
    ")[0]\n",
    "\n",
    "# 後段の処理のために、一旦torchに戻す\n",
    "bev_feat_curr = torch.from_numpy(bev_feat_curr).float()\n",
    "bev_feat_prev = torch.from_numpy(bev_feat_prev).float()\n",
    "\n",
    "# FastBEV4Dモデルへの入力データ作成\n",
    "# 過去のBEV特徴量を現在のBEV特徴量に整列させる\n",
    "#_, sensor2keyegos_curr, _, _, _, _, bda_curr = input_data[\"img_inputs_curr\"]\n",
    "#_, sensor2keyegos_prev, _, _, _, _, bda_prev = input_data[\"img_inputs_prev\"]\n",
    "#_, C, H, W = bev_feat_prev.shape\n",
    "#grid = onnx_input_builder.gen_grid(bev_feat_prev, [sensor2keyegos_curr, sensor2keyegos_prev], bda_curr)\n",
    "#bev_feat_prev_align = F.grid_sample(bev_feat_prev, grid.to(bev_feat_prev.dtype), align_corners=True)\n",
    "# 過去と現在フレームのBEVを結合\n",
    "#num_frame = 2\n",
    "#bev_feats_np = torch.cat(\n",
    "#    [\n",
    "#        bev_feat_curr,\n",
    "#        bev_feat_prev.view(1, (num_frame - 1) * C, H, W)\n",
    "#    ],\n",
    "#    dim=1\n",
    "#).detach().cpu().numpy().astype(np.float32)\n",
    "\n",
    "# 物体認識の実行\n",
    "#outputs = fastbev4d.run(\n",
    "#    None,\n",
    "#    {\"bev_feat\": bev_feats_np}\n",
    "#)\n",
    "\n",
    "#all_cls_scores = outputs[0]\n",
    "#all_bbox_preds = outputs[1]\n",
    "\n",
    "#outputs = [torch.from_numpy(x).float() for x in outputs]\n",
    "\n",
    "# 後処理\n",
    "#bboxes, scores, labels = bbox_decoder.get_bbox(outputs)\n",
    "\n",
    "# 可視化\n",
    "#drawed_img = visualizer.draw_bbox(data_infos[1], bboxes, 1)\n",
    "\n"
   ]
  },
  {
   "cell_type": "code",
   "execution_count": 9,
   "id": "09b61dcb-04e5-4d13-ba5a-9c6752dde05b",
   "metadata": {},
   "outputs": [
    {
     "name": "stdout",
     "output_type": "stream",
     "text": [
      "tensor([[[[0.3612, 0.8232, 0.6910,  ..., 0.9553, 0.9274, 0.7223],\n",
      "          [0.5276, 0.8867, 0.6136,  ..., 1.1408, 1.1049, 0.6792],\n",
      "          [0.5222, 0.8735, 0.5467,  ..., 1.1542, 1.1158, 0.6811],\n",
      "          ...,\n",
      "          [0.2778, 1.6419, 1.0810,  ..., 1.1311, 1.1052, 0.6731],\n",
      "          [0.1207, 0.9779, 1.0630,  ..., 1.0927, 1.0819, 0.6710],\n",
      "          [0.2125, 0.6090, 0.4281,  ..., 0.4346, 0.4361, 0.0735]],\n",
      "\n",
      "         [[0.0000, 0.0107, 0.0000,  ..., 0.1567, 0.1504, 0.0000],\n",
      "          [0.0000, 0.0000, 0.0000,  ..., 0.0000, 0.0000, 0.0000],\n",
      "          [0.0000, 0.0000, 0.0000,  ..., 0.0000, 0.0000, 0.0000],\n",
      "          ...,\n",
      "          [0.0000, 0.1620, 0.2904,  ..., 0.0000, 0.0000, 0.0000],\n",
      "          [0.0000, 0.0000, 0.0000,  ..., 0.0000, 0.0000, 0.0000],\n",
      "          [0.0000, 0.0000, 0.0000,  ..., 0.0000, 0.0000, 0.0000]],\n",
      "\n",
      "         [[0.6853, 0.6760, 1.3263,  ..., 0.5677, 0.5387, 0.3571],\n",
      "          [0.2363, 0.0352, 0.1746,  ..., 0.0000, 0.0000, 0.0000],\n",
      "          [0.1791, 0.0255, 0.2739,  ..., 0.0000, 0.0000, 0.0000],\n",
      "          ...,\n",
      "          [0.0000, 0.0000, 0.0000,  ..., 0.0000, 0.0000, 0.0000],\n",
      "          [0.4042, 0.0000, 0.0000,  ..., 0.0000, 0.0000, 0.0000],\n",
      "          [0.2497, 0.0000, 0.0000,  ..., 0.0000, 0.0000, 0.0000]],\n",
      "\n",
      "         ...,\n",
      "\n",
      "         [[0.0000, 0.0000, 0.0000,  ..., 0.0000, 0.0000, 0.0000],\n",
      "          [0.0000, 0.0000, 0.0000,  ..., 0.0000, 0.0000, 0.0000],\n",
      "          [0.0000, 0.0000, 0.0000,  ..., 0.0000, 0.0000, 0.0000],\n",
      "          ...,\n",
      "          [0.0000, 0.0000, 0.0601,  ..., 0.0000, 0.0000, 0.0000],\n",
      "          [0.0000, 0.0000, 0.0000,  ..., 0.0000, 0.0000, 0.0000],\n",
      "          [0.0000, 0.0000, 0.0000,  ..., 0.0000, 0.0000, 0.0000]],\n",
      "\n",
      "         [[0.0000, 0.0000, 0.0000,  ..., 0.0000, 0.0000, 0.0000],\n",
      "          [0.0000, 0.0000, 0.0000,  ..., 0.0000, 0.0000, 0.0000],\n",
      "          [0.0000, 0.0000, 0.0000,  ..., 0.0000, 0.0000, 0.0000],\n",
      "          ...,\n",
      "          [0.0000, 0.0000, 0.4352,  ..., 0.0000, 0.0000, 0.0000],\n",
      "          [0.0000, 0.2967, 0.3586,  ..., 0.0070, 0.3310, 0.0861],\n",
      "          [0.0000, 0.0000, 0.0000,  ..., 0.0000, 0.0000, 0.0000]],\n",
      "\n",
      "         [[0.0000, 0.0000, 0.0000,  ..., 0.0000, 0.0000, 0.0000],\n",
      "          [0.0000, 0.0000, 0.0000,  ..., 0.0000, 0.0000, 0.0000],\n",
      "          [0.0000, 0.0000, 0.0000,  ..., 0.0000, 0.0000, 0.0000],\n",
      "          ...,\n",
      "          [0.0000, 0.3307, 0.2721,  ..., 0.0000, 0.0000, 0.0000],\n",
      "          [0.0000, 0.0000, 0.0000,  ..., 0.0000, 0.0000, 0.0000],\n",
      "          [0.2321, 0.1040, 0.2423,  ..., 0.1999, 0.2080, 0.0000]]]])\n"
     ]
    }
   ],
   "source": [
    "print(bev_feat_curr)"
   ]
  },
  {
   "cell_type": "code",
   "execution_count": 7,
   "id": "ea90d1e5-2a6c-4edd-846e-db8aed7b303a",
   "metadata": {
    "scrolled": true
   },
   "outputs": [
    {
     "name": "stdout",
     "output_type": "stream",
     "text": [
      "tensor([3081, 3037, 3037,  ...,    0,    0,    0])\n"
     ]
    }
   ],
   "source": [
    "print(coors_img_curr)"
   ]
  },
  {
   "cell_type": "code",
   "execution_count": 6,
   "id": "69637955-2ccf-4bda-8f30-aa2381ea3fc0",
   "metadata": {},
   "outputs": [
    {
     "name": "stderr",
     "output_type": "stream",
     "text": [
      "/home/kenta/fastbev/model_deploy/visualizer.py:103: UserWarning: To copy construct from a tensor, it is recommended to use sourceTensor.detach().clone() or sourceTensor.detach().clone().requires_grad_(True), rather than torch.tensor(sourceTensor).\n",
      "  bboxes_tensor = torch.tensor(bboxes)\n"
     ]
    }
   ],
   "source": [
    "outputs = [torch.from_numpy(x).float() for x in outputs]\n",
    "\n",
    "# 後処理\n",
    "bboxes, scores, labels = bbox_decoder.get_bbox(outputs)\n",
    "\n",
    "# 可視化\n",
    "drawed_img = visualizer.draw_bbox(data_infos[1], bboxes, 1)"
   ]
  },
  {
   "cell_type": "code",
   "execution_count": 8,
   "id": "9cb8a13e-64d2-4aec-ac8d-a319aab4cdbe",
   "metadata": {},
   "outputs": [
    {
     "name": "stdout",
     "output_type": "stream",
     "text": [
      "<class 'numpy.ndarray'>\n"
     ]
    }
   ],
   "source": [
    "print(type(bev_feat_prev))"
   ]
  },
  {
   "cell_type": "code",
   "execution_count": 9,
   "id": "6599347b-0fda-42f3-a026-01ed805acafe",
   "metadata": {},
   "outputs": [
    {
     "data": {
      "text/plain": [
       "array([[[-1.4260104, -2.367527 , -4.790111 , ..., -4.657922 ,\n",
       "         -2.8775027, -3.8359   ],\n",
       "        [-1.4317055, -2.33947  , -4.7084537, ..., -4.6685915,\n",
       "         -2.8853803, -3.7909107],\n",
       "        [-1.5225422, -2.4050655, -4.755465 , ..., -5.1083255,\n",
       "         -3.0519414, -3.845858 ],\n",
       "        ...,\n",
       "        [-1.4139993, -2.3756125, -5.010224 , ..., -4.7847066,\n",
       "         -2.9822524, -3.8918252],\n",
       "        [-1.4138641, -2.3579435, -4.901739 , ..., -4.8561435,\n",
       "         -3.0105946, -3.8045974],\n",
       "        [-1.4533627, -2.380096 , -4.8256216, ..., -4.7949758,\n",
       "         -2.9725583, -3.780339 ]]], shape=(1, 300, 10), dtype=float32)"
      ]
     },
     "execution_count": 9,
     "metadata": {},
     "output_type": "execute_result"
    }
   ],
   "source": [
    "type(outputs)\n",
    "outputs[0]"
   ]
  },
  {
   "cell_type": "code",
   "execution_count": 8,
   "id": "1164eb9a-2413-4b8a-9561-f43801952c3e",
   "metadata": {},
   "outputs": [
    {
     "data": {
      "text/plain": [
       "[tensor([725121, 724417, 724417,  ...,      0,      0,      0])]"
      ]
     },
     "execution_count": 8,
     "metadata": {},
     "output_type": "execute_result"
    }
   ],
   "source": [
    "coors_img_curr"
   ]
  },
  {
   "cell_type": "code",
   "execution_count": 14,
   "id": "72a8d3a6-e662-491f-99ea-1b26c3f63d3c",
   "metadata": {},
   "outputs": [
    {
     "data": {
      "text/plain": [
       "torch.Size([12, 3, 256, 704])"
      ]
     },
     "execution_count": 14,
     "metadata": {},
     "output_type": "execute_result"
    }
   ],
   "source": [
    "input_data[\"img_inputs\"][0].shape"
   ]
  },
  {
   "cell_type": "code",
   "execution_count": 6,
   "id": "34ad6fb3-82b2-4ce4-af02-d0072bbaa3b0",
   "metadata": {},
   "outputs": [
    {
     "name": "stdout",
     "output_type": "stream",
     "text": [
      "dict_keys(['sample_idx', 'timestamp', 'curr', 'adjacent', 'cam_names', 'canvas', 'img_inputs'])\n"
     ]
    }
   ],
   "source": [
    "print(input_data.keys())"
   ]
  },
  {
   "cell_type": "code",
   "execution_count": 10,
   "id": "5ae75a73-823a-40c4-aa58-79513a79f493",
   "metadata": {},
   "outputs": [
    {
     "data": {
      "text/plain": [
       "(tensor([[[[ 0.2282,  0.2282,  0.2282,  ..., -1.6042, -1.5699, -1.5185],\n",
       "           [ 0.1939,  0.1768,  0.1768,  ..., -1.6042, -1.5185, -1.5014],\n",
       "           [ 0.1768,  0.1597,  0.1597,  ..., -1.5185, -1.4500, -1.5528],\n",
       "           ...,\n",
       "           [-0.8507, -0.7993, -0.7650,  ..., -1.0048, -1.0390, -1.0562],\n",
       "           [-0.7822, -0.7479, -0.7137,  ..., -0.9363, -0.9534, -0.9705],\n",
       "           [-0.7993, -0.7650, -0.7650,  ..., -0.9705, -1.0219, -0.9705]],\n",
       " \n",
       "          [[ 0.1877,  0.2052,  0.2052,  ..., -1.4055, -1.2479, -1.1429],\n",
       "           [ 0.1877,  0.1702,  0.1702,  ..., -1.3004, -1.2129, -1.1779],\n",
       "           [ 0.1702,  0.1527,  0.1527,  ..., -1.2304, -1.1429, -1.2304],\n",
       "           ...,\n",
       "           [-0.7052, -0.6527, -0.6176,  ..., -0.7577, -0.7927, -0.8102],\n",
       "           [-0.6001, -0.5651, -0.5476,  ..., -0.7402, -0.7227, -0.7402],\n",
       "           [-0.6176, -0.5826, -0.5826,  ..., -0.7927, -0.7927, -0.7402]],\n",
       " \n",
       "          [[ 0.2871,  0.3045,  0.3045,  ..., -1.2119, -1.1247, -1.0201],\n",
       "           [ 0.2871,  0.2696,  0.2696,  ..., -1.1073, -1.0201, -0.9853],\n",
       "           [ 0.2696,  0.2522,  0.2522,  ..., -1.0201, -0.9504, -1.0376],\n",
       "           ...,\n",
       "           [-0.5844, -0.5321, -0.4973,  ..., -0.7064, -0.7413, -0.7761],\n",
       "           [-0.5670, -0.5147, -0.4973,  ..., -0.6367, -0.6367, -0.6541],\n",
       "           [-0.6018, -0.5495, -0.5495,  ..., -0.6715, -0.6890, -0.6367]]],\n",
       " \n",
       " \n",
       "         [[[ 0.3309,  0.3481,  0.3481,  ..., -1.7412, -1.7240, -1.7240],\n",
       "           [ 0.2967,  0.3138,  0.3138,  ..., -1.5870, -1.6384, -1.6898],\n",
       "           [ 0.3309,  0.3481,  0.3309,  ..., -1.4329, -1.4843, -1.6213],\n",
       "           ...,\n",
       "           [-0.8678, -0.8849, -0.8507,  ..., -1.0048, -1.0048, -1.0048],\n",
       "           [-0.8164, -0.8507, -0.8335,  ..., -0.9877, -0.9363, -0.9705],\n",
       "           [-0.8335, -0.8507, -0.8335,  ..., -0.9877, -0.9363, -0.9705]],\n",
       " \n",
       "          [[ 0.2927,  0.3102,  0.3102,  ..., -1.4230, -1.4055, -1.4055],\n",
       "           [ 0.2402,  0.2577,  0.2752,  ..., -1.2654, -1.3004, -1.3529],\n",
       "           [ 0.2752,  0.2927,  0.2927,  ..., -1.1078, -1.1604, -1.3004],\n",
       "           ...,\n",
       "           [-0.7227, -0.7227, -0.7052,  ..., -0.8102, -0.7927, -0.7927],\n",
       "           [-0.7402, -0.7752, -0.7402,  ..., -0.7577, -0.7752, -0.8102],\n",
       "           [-0.7927, -0.7927, -0.7402,  ..., -0.7402, -0.7752, -0.8452]],\n",
       " \n",
       "          [[ 0.4091,  0.4265,  0.4091,  ..., -1.2293, -1.2119, -1.2119],\n",
       "           [ 0.3916,  0.4091,  0.3742,  ..., -1.0724, -1.1073, -1.1596],\n",
       "           [ 0.4265,  0.4265,  0.3916,  ..., -0.9156, -0.9678, -1.1073],\n",
       "           ...,\n",
       "           [-0.6018, -0.6193, -0.5844,  ..., -0.6715, -0.6541, -0.6541],\n",
       "           [-0.6018, -0.6367, -0.6193,  ..., -0.6715, -0.6890, -0.7413],\n",
       "           [-0.6541, -0.6541, -0.6018,  ..., -0.6890, -0.7238, -0.7936]]],\n",
       " \n",
       " \n",
       "         [[[-0.4054, -0.1657, -0.1143,  ..., -1.3302, -1.3644, -1.3815],\n",
       "           [-0.5767, -0.4568, -0.3198,  ..., -1.3473, -1.4500, -1.4329],\n",
       "           [-0.6965, -0.7137, -0.6281,  ..., -1.2788, -1.4500, -1.4158],\n",
       "           ...,\n",
       "           [-0.4397, -0.4226, -0.4054,  ..., -0.4397, -0.4054, -0.3883],\n",
       "           [-0.4911, -0.4397, -0.4397,  ..., -0.4397, -0.4739, -0.4568],\n",
       "           [-0.4911, -0.4568, -0.4568,  ..., -0.4397, -0.4568, -0.4739]],\n",
       " \n",
       "          [[-0.0749,  0.1702,  0.2402,  ..., -1.2654, -1.3004, -1.3179],\n",
       "           [-0.3200, -0.2150, -0.0574,  ..., -1.2129, -1.3529, -1.3179],\n",
       "           [-0.4426, -0.4601, -0.3725,  ..., -1.1604, -1.3354, -1.3004],\n",
       "           ...,\n",
       "           [-0.3025, -0.2850, -0.2675,  ..., -0.3025, -0.2675, -0.2500],\n",
       "           [-0.3200, -0.2850, -0.2850,  ..., -0.3025, -0.3200, -0.3200],\n",
       "           [-0.3200, -0.2850, -0.2850,  ..., -0.2850, -0.3025, -0.3200]],\n",
       " \n",
       "          [[ 0.1128,  0.3568,  0.4091,  ..., -1.1596, -1.2293, -1.2293],\n",
       "           [-0.1138, -0.0092,  0.1476,  ..., -1.0376, -1.1944, -1.1596],\n",
       "           [-0.2358, -0.2532, -0.1661,  ..., -0.9678, -1.1770, -1.1421],\n",
       "           ...,\n",
       "           [-0.2358, -0.2184, -0.2010,  ..., -0.1487, -0.1138, -0.0964],\n",
       "           [-0.2532, -0.2184, -0.2184,  ..., -0.1661, -0.1835, -0.1835],\n",
       "           [-0.2532, -0.2184, -0.2184,  ..., -0.1661, -0.1835, -0.2010]]],\n",
       " \n",
       " \n",
       "         ...,\n",
       " \n",
       " \n",
       "         [[[ 0.4679,  0.4679,  0.4508,  ..., -1.0904, -1.2274, -1.3130],\n",
       "           [ 0.4337,  0.4337,  0.4337,  ..., -0.9877, -1.1075, -1.1589],\n",
       "           [ 0.4337,  0.4337,  0.4337,  ..., -1.0219, -1.1418, -1.1760],\n",
       "           ...,\n",
       "           [ 0.0912,  0.0912,  0.0569,  ..., -0.0287, -0.0116, -0.0116],\n",
       "           [ 0.1254,  0.1426,  0.1597,  ...,  0.1083,  0.0741,  0.0569],\n",
       "           [ 0.1768,  0.1768,  0.2111,  ...,  0.1597,  0.1254,  0.1083]],\n",
       " \n",
       "          [[ 0.5553,  0.5553,  0.5378,  ..., -0.9678, -1.0903, -1.1779],\n",
       "           [ 0.5203,  0.5203,  0.5203,  ..., -0.9153, -1.0203, -1.0728],\n",
       "           [ 0.5203,  0.5203,  0.5203,  ..., -0.9503, -1.0553, -1.0903],\n",
       "           ...,\n",
       "           [ 0.3277,  0.3277,  0.2927,  ...,  0.2927,  0.2927,  0.3102],\n",
       "           [ 0.3627,  0.3803,  0.3803,  ...,  0.3803,  0.3452,  0.3277],\n",
       "           [ 0.4153,  0.4153,  0.4328,  ...,  0.4153,  0.3803,  0.3627]],\n",
       " \n",
       "          [[ 0.7054,  0.7054,  0.6879,  ..., -0.7064, -0.7936, -0.8807],\n",
       "           [ 0.6705,  0.6705,  0.6705,  ..., -0.6541, -0.7238, -0.7761],\n",
       "           [ 0.6705,  0.6705,  0.6705,  ..., -0.6890, -0.7587, -0.7936],\n",
       "           ...,\n",
       "           [ 0.4614,  0.4439,  0.4265,  ...,  0.4091,  0.4091,  0.4091],\n",
       "           [ 0.4962,  0.5136,  0.5136,  ...,  0.4962,  0.4788,  0.4614],\n",
       "           [ 0.5485,  0.5485,  0.5659,  ...,  0.5485,  0.5136,  0.4962]]],\n",
       " \n",
       " \n",
       "         [[[-0.3027, -0.3712, -0.4226,  ..., -1.4500, -1.3815, -1.3473],\n",
       "           [-0.2856, -0.3541, -0.3883,  ..., -1.3987, -1.4158, -1.4500],\n",
       "           [-0.1999, -0.2684, -0.3369,  ..., -1.4500, -1.4672, -1.5185],\n",
       "           ...,\n",
       "           [-1.4672, -1.4500, -1.4672,  ..., -0.9877, -1.0048, -1.0219],\n",
       "           [-1.4843, -1.4672, -1.4329,  ..., -0.8678, -0.9363, -0.9534],\n",
       "           [-1.5014, -1.4843, -1.4329,  ..., -0.8335, -0.9192, -0.9363]],\n",
       " \n",
       "          [[-0.1800, -0.2325, -0.3025,  ..., -1.2479, -1.2304, -1.2129],\n",
       "           [-0.1450, -0.2150, -0.2500,  ..., -1.2129, -1.2304, -1.2654],\n",
       "           [-0.0574, -0.1275, -0.1975,  ..., -1.2654, -1.2829, -1.3354],\n",
       "           ...,\n",
       "           [-1.2829, -1.2654, -1.2829,  ..., -0.7402, -0.7577, -0.7752],\n",
       "           [-1.2129, -1.2304, -1.2304,  ..., -0.6527, -0.7227, -0.7227],\n",
       "           [-1.1954, -1.2304, -1.2304,  ..., -0.6176, -0.7052, -0.7227]],\n",
       " \n",
       "          [[-0.0615, -0.1138, -0.1661,  ..., -1.0376, -1.0027, -0.9853],\n",
       "           [ 0.0082, -0.0615, -0.0964,  ..., -1.0027, -1.0201, -1.0550],\n",
       "           [ 0.0953,  0.0256, -0.0441,  ..., -1.0550, -1.0724, -1.1247],\n",
       "           ...,\n",
       "           [-1.0898, -1.0724, -1.0898,  ..., -0.5147, -0.5321, -0.5321],\n",
       "           [-1.0724, -1.0724, -1.0898,  ..., -0.4275, -0.5147, -0.4973],\n",
       "           [-1.0724, -1.0898, -1.0898,  ..., -0.4101, -0.4973, -0.5147]]],\n",
       " \n",
       " \n",
       "         [[[-0.3883, -0.4054, -0.3027,  ..., -1.3815, -1.3644, -1.3644],\n",
       "           [-0.3369, -0.3369, -0.2342,  ..., -1.3815, -1.3644, -1.3987],\n",
       "           [-0.2856, -0.2856, -0.1828,  ..., -1.3987, -1.3644, -1.3644],\n",
       "           ...,\n",
       "           [-1.7583, -1.7412, -1.6555,  ..., -1.0733, -1.0733, -1.0390],\n",
       "           [-1.7925, -1.7412, -1.6555,  ..., -1.0390, -1.0390, -1.0733],\n",
       "           [-1.7412, -1.6727, -1.6042,  ..., -1.0219, -1.0219, -1.0562]],\n",
       " \n",
       "          [[-0.2850, -0.2850, -0.1800,  ..., -1.1954, -1.1779, -1.1779],\n",
       "           [-0.1975, -0.1975, -0.0924,  ..., -1.1954, -1.1779, -1.2129],\n",
       "           [-0.1450, -0.1450, -0.0399,  ..., -1.2129, -1.1779, -1.1779],\n",
       "           ...,\n",
       "           [-1.6856, -1.6506, -1.5630,  ..., -0.8803, -0.8803, -0.8452],\n",
       "           [-1.6155, -1.5455, -1.4580,  ..., -0.8277, -0.8452, -0.8627],\n",
       "           [-1.4930, -1.4230, -1.3704,  ..., -0.8102, -0.8102, -0.8452]],\n",
       " \n",
       "          [[-0.1312, -0.1312, -0.0441,  ..., -0.9853, -0.9678, -0.9678],\n",
       "           [-0.0441, -0.0441,  0.0605,  ..., -0.9853, -0.9678, -1.0027],\n",
       "           [ 0.0082,  0.0082,  0.1128,  ..., -1.0027, -0.9678, -0.9678],\n",
       "           ...,\n",
       "           [-1.5081, -1.5081, -1.4210,  ..., -0.6541, -0.6541, -0.6018],\n",
       "           [-1.4733, -1.4210, -1.3513,  ..., -0.6193, -0.6193, -0.6541],\n",
       "           [-1.4036, -1.3339, -1.2641,  ..., -0.6018, -0.6018, -0.6367]]]]),\n",
       " tensor([[[ 0.8225,  0.0065,  0.5687,  1.5753],\n",
       "          [-0.5687,  0.0164,  0.8224,  0.5005],\n",
       "          [-0.0040, -0.9998,  0.0172,  1.5070],\n",
       "          [ 0.0000,  0.0000,  0.0000,  1.0000]],\n",
       " \n",
       "         [[ 0.0103,  0.0084,  0.9999,  1.7220],\n",
       "          [-0.9999,  0.0123,  0.0102,  0.0048],\n",
       "          [-0.0122, -0.9999,  0.0086,  1.4949],\n",
       "          [ 0.0000,  0.0000,  0.0000,  1.0000]],\n",
       " \n",
       "         [[-0.8440,  0.0165,  0.5361,  1.5808],\n",
       "          [-0.5361,  0.0036, -0.8441, -0.4991],\n",
       "          [-0.0158, -0.9999,  0.0058,  1.5175],\n",
       "          [ 0.0000,  0.0000,  0.0000,  1.0000]],\n",
       " \n",
       "         [[ 0.9479, -0.0089, -0.3185,  1.0485],\n",
       "          [ 0.3186,  0.0188,  0.9477,  0.4831],\n",
       "          [-0.0025, -0.9998,  0.0207,  1.5621],\n",
       "          [ 0.0000,  0.0000,  0.0000,  1.0000]],\n",
       " \n",
       "         [[ 0.0092, -0.0068, -0.9999,  0.0552],\n",
       "          [ 0.9999,  0.0113,  0.0091,  0.0108],\n",
       "          [ 0.0112, -0.9999,  0.0069,  1.5679],\n",
       "          [ 0.0000,  0.0000,  0.0000,  1.0000]],\n",
       " \n",
       "         [[-0.9237, -0.0026, -0.3830,  1.0595],\n",
       "          [ 0.3830, -0.0114, -0.9237, -0.4672],\n",
       "          [-0.0020, -0.9999,  0.0116,  1.5505],\n",
       "          [ 0.0000,  0.0000,  0.0000,  1.0000]],\n",
       " \n",
       "         [[ 0.8225,  0.0065,  0.5687,  1.5753],\n",
       "          [-0.5687,  0.0164,  0.8224,  0.5005],\n",
       "          [-0.0040, -0.9998,  0.0172,  1.5070],\n",
       "          [ 0.0000,  0.0000,  0.0000,  1.0000]],\n",
       " \n",
       "         [[ 0.0103,  0.0084,  0.9999,  1.7220],\n",
       "          [-0.9999,  0.0123,  0.0102,  0.0048],\n",
       "          [-0.0122, -0.9999,  0.0086,  1.4949],\n",
       "          [ 0.0000,  0.0000,  0.0000,  1.0000]],\n",
       " \n",
       "         [[-0.8440,  0.0165,  0.5361,  1.5808],\n",
       "          [-0.5361,  0.0036, -0.8441, -0.4991],\n",
       "          [-0.0158, -0.9999,  0.0058,  1.5175],\n",
       "          [ 0.0000,  0.0000,  0.0000,  1.0000]],\n",
       " \n",
       "         [[ 0.9479, -0.0089, -0.3185,  1.0485],\n",
       "          [ 0.3186,  0.0188,  0.9477,  0.4831],\n",
       "          [-0.0025, -0.9998,  0.0207,  1.5621],\n",
       "          [ 0.0000,  0.0000,  0.0000,  1.0000]],\n",
       " \n",
       "         [[ 0.0092, -0.0068, -0.9999,  0.0552],\n",
       "          [ 0.9999,  0.0113,  0.0091,  0.0108],\n",
       "          [ 0.0112, -0.9999,  0.0069,  1.5679],\n",
       "          [ 0.0000,  0.0000,  0.0000,  1.0000]],\n",
       " \n",
       "         [[-0.9237, -0.0026, -0.3830,  1.0595],\n",
       "          [ 0.3830, -0.0114, -0.9237, -0.4672],\n",
       "          [-0.0020, -0.9999,  0.0116,  1.5505],\n",
       "          [ 0.0000,  0.0000,  0.0000,  1.0000]]]),\n",
       " tensor([[[ 8.6879e-01,  4.9499e-01,  1.4075e-02,  6.0351e+02],\n",
       "          [-4.9488e-01,  8.6890e-01, -1.0840e-02,  1.6456e+03],\n",
       "          [-1.7595e-02,  2.4521e-03,  9.9984e-01,  0.0000e+00],\n",
       "          [ 0.0000e+00,  0.0000e+00,  0.0000e+00,  1.0000e+00]],\n",
